Date,Open,High,Low,Close,Adj. Close,Change,Volume
2021/3/4,20.05,20.05,19.81,19.826,13.779,-0.74%,4526
2021/3/5,19.73,19.88,19.71,19.829,13.781,0.02%,45124
2021/3/8,19.65,19.715,19.625,19.625,13.639,-1.03%,53663
2021/3/9,20.03,20.03,19.976,19.976,13.883,1.79%,10725
2021/3/10,20.09,20.09,20.09,20.09,13.963,0.57%,10725
2021/3/11,20.1,20.13,20.07,20.07,13.949,-0.10%,12779
2021/3/12,19.95,20.077,19.95,20.077,13.954,0.03%,3480
2021/3/15,20.17,20.22,20.13,20.159,14.011,0.41%,3662
2021/3/16,20.26,20.26,20.155,20.158,14.01,0.00%,4836
2021/3/17,20.26,20.332,20.233,20.332,14.131,0.86%,1420
2021/3/18,20.13,20.22,20.046,20.199,14.038,-0.65%,3477
2021/3/19,20.29,20.33,20.285,20.285,14.098,0.43%,430
2021/3/22,20.25,20.31,20.25,20.31,14.115,0.12%,4127
2021/3/23,20.172,20.172,20.14,20.14,13.997,-0.84%,2007
2021/3/24,20.111,20.24,20.11,20.21,14.046,0.35%,5069
2021/3/25,20.285,20.29,20.16,20.19,14.032,-0.10%,13822
2021/3/26,20.2,20.23,20.126,20.18,14.025,-0.05%,4338
2021/3/29,20.045,20.045,19.891,19.955,13.869,-1.11%,28912
2021/3/30,19.76,19.76,19.57,19.69,13.685,-1.33%,10027
2021/3/31,19.78,19.97,19.78,19.86,13.803,0.86%,13409
2021/4/1,20.13,20.169,20.098,20.12,14.017,1.31%,4646
2021/4/5,20.3,20.3,20.05,20.055,13.972,-0.32%,240936
2021/4/6,20.2,20.25,20.197,20.197,14.071,0.71%,2651
2021/4/7,20.13,20.22,19.85,20.08,13.99,-0.58%,37670
2021/4/8,20.205,20.36,20.2,20.3,14.143,1.10%,25892
2021/4/9,20.131,20.25,20.131,20.177,14.057,-0.61%,4623
2021/4/12,20.1,20.13,20.089,20.105,14.007,-0.36%,2848
2021/4/13,20.11,20.25,20.11,20.205,14.077,0.50%,301
2021/4/14,20.23,20.23,20.05,20.12,14.017,-0.42%,3091
2021/4/15,20.38,20.47,20.32,20.446,14.245,1.62%,14583
2021/4/16,20.61,20.61,20.48,20.53,14.303,0.41%,1718
2021/4/19,20.5,20.55,20.47,20.47,14.261,-0.29%,4436
2021/4/20,20.509,20.59,20.446,20.535,14.307,0.32%,4323
2021/4/21,20.91,20.91,20.67,20.67,14.401,0.66%,4348
2021/4/22,20.65,20.65,20.565,20.565,14.327,-0.51%,4344
2021/4/23,20.58,20.58,20.505,20.505,14.286,-0.29%,4184
2021/4/26,20.545,20.61,20.54,20.575,14.334,0.34%,8700
2021/4/27,20.57,20.59,20.545,20.59,14.345,0.07%,8033
2021/4/28,20.52,20.62,20.47,20.56,14.324,-0.15%,5818
2021/4/29,20.74,20.74,20.36,20.54,14.31,-0.10%,5859
2021/4/30,20.5,20.5,20.41,20.41,14.22,-0.63%,7098
2021/5/3,21.88,21.88,20.636,20.636,14.413,1.11%,3339
2021/5/4,20.609,20.66,20.453,20.453,14.285,-0.89%,2047
2021/5/5,20.59,20.72,20.512,20.54,14.345,0.43%,2641
2021/5/6,20.77,20.9,20.77,20.836,14.552,1.44%,5463
2021/5/7,20.99,21.049,20.918,20.96,14.639,0.60%,3672
2021/5/10,21.06,21.1,21,21.04,14.695,0.38%,5360
2021/5/11,20.98,21.04,20.915,21.01,14.674,-0.14%,32177
2021/5/12,21,21.01,20.884,20.94,14.625,-0.33%,20890
2021/5/13,20.91,20.97,20.78,20.95,14.632,0.05%,6192
2021/5/14,21.06,21.066,21.03,21.065,14.712,0.55%,3177
2021/5/17,21.13,21.32,21.12,21.265,14.852,0.95%,1912
2021/5/18,21.277,21.33,21.23,21.29,14.869,0.12%,5655
2021/5/19,21.47,21.47,21.28,21.37,14.925,0.38%,19095
2021/5/20,21.35,21.479,21.35,21.39,14.939,0.09%,526
2021/5/21,21.65,21.65,21.311,21.385,14.936,-0.02%,5071
2021/5/24,21.42,21.425,21.415,21.425,14.964,0.19%,1343
2021/5/25,21.45,21.65,21.45,21.58,15.072,0.72%,54250
2021/5/26,21.72,21.72,21.53,21.545,15.047,-0.16%,24531
2021/5/27,21.53,21.63,21.509,21.555,15.054,0.05%,15959
2021/5/28,21.56,21.62,21.56,21.604,15.088,0.23%,3781
2021/6/1,21.61,21.619,21.54,21.54,15.081,-0.30%,2105
2021/6/2,22.84,22.84,21.535,21.575,15.106,0.16%,7449
2021/6/3,21.38,21.44,21.19,21.215,14.854,-1.67%,15004
2021/6/4,21.33,21.45,21.33,21.41,14.99,0.92%,3497
2021/6/7,21.406,21.495,21.406,21.495,15.05,0.40%,435
2021/6/8,21.43,21.44,21.425,21.425,15.001,-0.33%,928
2021/6/9,21.43,21.479,21.39,21.39,14.976,-0.16%,1539
2021/6/10,21.51,21.51,21.39,21.48,15.039,0.42%,2664
2021/6/11,21.39,21.39,21.251,21.255,14.882,-1.05%,2154
2021/6/14,21.07,21.145,21.07,21.135,14.798,-0.56%,2030
2021/6/15,21.03,21.08,21.03,21.08,14.759,-0.26%,201
2021/6/16,21,21,20.76,20.76,14.535,-1.52%,4809
2021/6/17,20.16,20.16,20.115,20.14,14.101,-2.99%,3219
2021/6/18,20.09,20.12,20.09,20.096,14.071,-0.22%,1283
2021/6/21,20.18,20.24,20.162,20.195,14.14,0.49%,3842
2021/6/22,20.17,20.23,20.15,20.165,14.119,-0.15%,1482
2021/6/23,20.25,20.31,20.13,20.13,14.094,-0.17%,375
2021/6/24,20.26,20.26,20.12,20.12,14.087,-0.05%,1847
2021/6/25,20.21,20.21,20.206,20.206,14.147,0.43%,580
2021/6/28,20.23,20.24,20.176,20.176,14.126,-0.15%,623
2021/6/29,20.01,20.02,19.89,19.972,13.983,-1.01%,3266
2021/6/30,20.04,20.08,19.959,20.076,14.057,0.52%,3250
2021/7/1,21.09,21.09,20.136,20.17,14.157,0.47%,4129
2021/7/2,20.2,20.21,20.154,20.195,14.175,0.12%,496514
2021/7/6,20.38,20.45,20.28,20.28,14.234,0.42%,1952
2021/7/7,20.345,20.42,20.335,20.341,14.277,0.30%,4000
2021/7/8,20.25,20.339,20.25,20.325,14.266,-0.08%,544
2021/7/9,20.24,20.46,20.24,20.406,14.323,0.40%,9677
2021/7/12,20.31,20.37,20.31,20.37,14.297,-0.18%,511
2021/7/13,20.437,20.44,20.405,20.405,14.322,0.17%,1966
2021/7/14,20.63,20.63,20.55,20.615,14.47,1.03%,30211
2021/7/15,20.579,20.65,20.485,20.58,14.445,-0.17%,47144
2021/7/16,20.49,20.52,20.44,20.44,14.347,-0.68%,11326
2021/7/19,20.47,20.48,20.33,20.415,14.329,-0.12%,18385
2021/7/20,20.55,20.55,20.35,20.46,14.361,0.22%,10888
2021/7/21,20.4,20.41,20.308,20.35,14.284,-0.54%,1842
2021/7/22,20.38,20.43,20.375,20.38,14.305,0.15%,3059
2021/7/23,20.24,20.325,20.24,20.325,14.266,-0.27%,972
2021/7/26,20.43,20.43,20.23,20.289,14.24,-0.18%,6741
2021/7/27,20.275,20.315,20.275,20.315,14.259,0.13%,949
2021/7/28,20.362,20.399,20.28,20.399,14.318,0.41%,653
2021/7/29,20.56,20.595,20.56,20.58,14.445,0.89%,1710
2021/7/30,20.455,20.48,20.44,20.45,14.354,-0.63%,1447
2021/8/2,20.55,20.55,20.37,20.415,14.365,-0.17%,8301
2021/8/3,20.34,20.42,20.34,20.345,14.316,-0.34%,6397
2021/8/4,20.54,20.54,20.34,20.37,14.334,0.12%,1775
2021/8/5,20.285,20.35,20.24,20.295,14.281,-0.37%,6264
2021/8/6,19.78,19.865,19.78,19.851,13.968,-2.19%,11773
2021/8/9,19.62,19.62,19.48,19.494,13.717,-1.80%,8331
2021/8/10,19.44,19.569,19.44,19.503,13.724,0.05%,771
2021/8/11,19.649,19.8,19.649,19.753,13.9,1.28%,4171
2021/8/12,19.59,19.79,19.58,19.74,13.89,-0.07%,5814
2021/8/13,20.01,20.08,20.008,20.02,14.087,1.42%,3504
2021/8/16,20.128,20.178,20.11,20.12,14.158,0.50%,5063
2021/8/17,20.08,20.148,20.01,20.02,14.087,-0.50%,20706
2021/8/18,20.126,20.126,20.1,20.1,14.144,0.40%,484
2021/8/19,20.065,20.065,20.057,20.057,14.114,-0.21%,156
2021/8/20,20.09,20.13,20.01,20.07,14.122,0.06%,1502
2021/8/23,20.34,20.34,20.23,20.295,14.281,1.12%,922
2021/8/24,20.345,20.39,20.33,20.335,14.309,0.20%,3924
2021/8/25,20.3,20.3,20.07,20.16,14.186,-0.86%,4875
2021/8/26,20.24,20.24,20.148,20.238,14.241,0.39%,2154
2021/8/27,20.4,20.5,20.4,20.445,14.386,1.02%,2746
2021/8/30,20.375,20.375,20.31,20.375,14.337,-0.34%,722
2021/8/31,20.42,20.42,20.42,20.42,14.369,0.22%,307
2021/9/1,20.42,20.42,20.42,20.42,14.405,0.00%,7
2021/9/2,20.29,20.409,20.25,20.325,14.337,-0.47%,4419
2021/9/3,20.467,20.6,20.467,20.52,14.475,0.96%,3576
2021/9/7,20.25,20.25,20.085,20.155,14.217,-1.78%,171171
2021/9/8,20.25,20.25,20.08,20.085,14.168,-0.35%,47680
2021/9/9,20.12,20.185,20.11,20.11,14.186,0.12%,10532
2021/9/10,20.1,20.13,20.07,20.1,14.179,-0.05%,28098
2021/9/13,20.17,20.17,20.15,20.15,14.214,0.25%,218
2021/9/14,20.165,20.33,20.165,20.29,14.313,0.69%,2993
2021/9/15,20.24,20.24,20.155,20.165,14.225,-0.62%,12120
2021/9/16,19.89,19.89,19.68,19.68,13.883,-2.41%,16135
2021/9/17,19.75,19.75,19.72,19.72,13.911,0.20%,554
2021/9/20,19.785,19.905,19.785,19.849,14.002,0.65%,12080
2021/9/21,19.935,20.04,19.935,19.966,14.084,0.59%,2182
2021/9/22,20.05,20.05,19.889,19.889,14.03,-0.39%,922
2021/9/23,19.735,19.75,19.675,19.675,13.879,-1.08%,3106
2021/9/24,19.709,19.71,19.662,19.662,13.87,-0.07%,655
2021/9/27,19.79,19.79,19.706,19.75,13.932,0.45%,2338
2021/9/28,19.69,19.69,19.515,19.515,13.766,-1.19%,3202
2021/9/29,19.5,19.51,19.411,19.465,13.731,-0.26%,2637
2021/9/30,19.76,19.868,19.72,19.833,13.99,1.89%,938
2021/10/1,19.86,19.87,19.781,19.781,13.988,-0.26%,2616
2021/10/4,19.77,19.85,19.77,19.816,14.013,0.18%,3276
2021/10/5,19.69,19.83,19.677,19.75,13.966,-0.33%,5703
2021/10/6,19.79,19.85,19.785,19.79,13.994,0.20%,2902
2021/10/7,19.795,19.795,19.695,19.695,13.927,-0.48%,3087
2021/10/8,19.914,19.914,19.715,19.715,13.941,0.10%,2123
2021/10/11,19.81,19.81,19.67,19.69,13.924,-0.13%,96996
2021/10/12,19.72,19.81,19.68,19.765,13.977,0.38%,8223
2021/10/13,19.94,20.13,19.94,20.13,14.235,1.85%,1661
2021/10/14,20.12,20.19,20.061,20.105,14.217,-0.12%,3533
2021/10/15,19.895,19.96,19.82,19.84,14.03,-1.32%,3820
2021/10/18,19.795,19.85,19.795,19.801,14.002,-0.20%,1461
2021/10/19,20.09,20.09,19.83,19.855,14.04,0.27%,3048
2021/10/20,19.99,20.07,19.925,19.996,14.14,0.71%,5081
2021/10/21,20.1,20.1,19.995,19.995,14.139,-0.01%,1171
2021/10/22,20.08,20.18,20.08,20.085,14.203,0.45%,1291
2021/10/25,20.28,20.28,20.195,20.195,14.281,0.55%,2464
2021/10/26,20.075,20.09,20.005,20.09,14.206,-0.52%,711
2021/10/27,20.21,20.21,20.156,20.156,14.253,0.33%,2414
2021/10/28,20.15,20.15,20.125,20.125,14.231,-0.15%,931
2021/10/29,19.93,19.941,19.915,19.941,14.101,-0.91%,533
2021/11/1,20.118,20.14,20.075,20.075,14.232,0.67%,926
2021/11/2,20.033,20.033,19.93,20.015,14.189,-0.30%,1303
2021/11/3,19.92,19.92,19.699,19.845,14.068,-0.85%,5488
2021/11/4,20.11,20.11,20.04,20.045,14.21,1.01%,466
2021/11/5,20.02,20.3,20.02,20.265,14.366,1.10%,918
2021/11/8,20.38,20.38,20.31,20.332,14.414,0.33%,611
2021/11/9,20.334,20.452,20.334,20.452,14.499,0.59%,3651
2021/11/10,20.59,20.65,20.55,20.584,14.592,0.65%,306
2021/11/11,20.81,20.82,20.65,20.685,14.664,0.49%,38443
2021/11/12,20.76,20.77,20.713,20.719,14.688,0.16%,4427
2021/11/15,20.69,20.79,20.69,20.695,14.671,-0.12%,1093
2021/11/16,20.73,20.73,20.62,20.62,14.618,-0.36%,824
2021/11/17,20.71,20.77,20.71,20.716,14.686,0.47%,5591
2021/11/18,20.69,20.76,20.67,20.676,14.657,-0.19%,10086
2021/11/19,20.73,20.73,20.553,20.61,14.611,-0.32%,3686
2021/11/22,20.33,20.36,20.13,20.171,14.299,-2.13%,3678
2021/11/23,20.05,20.1,19.9,20.034,14.202,-0.68%,3168
2021/11/24,19.939,20.07,19.939,20.009,14.185,-0.12%,4598
2021/11/26,20.18,20.18,20.034,20.034,14.202,0.12%,255
2021/11/29,20.09,20.09,19.975,19.976,14.161,-0.29%,3424
2021/11/30,20.22,20.22,19.811,19.867,14.084,-0.55%,2376
2021/12/1,20.012,20.012,19.87,19.9,14.144,0.17%,5419
2021/12/2,19.94,19.94,19.72,19.745,14.034,-0.78%,85894
2021/12/3,19.829,19.94,19.829,19.882,14.132,0.69%,2966
2021/12/6,19.83,19.855,19.8,19.855,14.112,-0.14%,1450
2021/12/7,19.93,19.97,19.85,19.923,14.16,0.34%,3418
2021/12/8,19.915,19.93,19.85,19.915,14.155,-0.04%,4526
2021/12/9,19.86,19.86,19.76,19.82,14.087,-0.48%,2516
2021/12/10,19.79,19.895,19.79,19.895,14.141,0.38%,4276
2021/12/13,20.07,20.07,19.937,19.937,14.17,0.21%,2677
2021/12/14,19.77,19.81,19.77,19.805,14.077,-0.66%,35397
2021/12/15,20.09,20.09,19.71,19.88,14.13,0.38%,7392
2021/12/16,20.3,20.3,19.99,19.99,14.208,0.55%,18932
2021/12/17,20.13,20.18,20.053,20.053,14.253,0.32%,18137
2021/12/20,20.035,20.1,19.974,19.974,14.196,-0.39%,1462
2021/12/21,19.91,20.04,19.91,19.975,14.197,0.01%,1191
2021/12/22,19.97,20.12,19.97,20.12,14.301,0.73%,13005
2021/12/23,20.11,20.181,20.09,20.11,14.293,-0.05%,32340
2021/12/27,20.195,20.205,20.12,20.205,14.361,0.47%,3434
2021/12/28,20.17,20.24,20.143,20.21,14.365,0.02%,10582
2021/12/29,20.09,20.135,20.09,20.135,14.311,-0.37%,3033
2021/12/30,20.1,20.25,20.1,20.25,14.393,0.57%,3194
2021/12/31,20.379,20.379,20.367,20.367,14.476,0.58%,249
2022/1/3,20.17,20.17,20.05,20.11,14.329,-1.26%,21130
2022/1/4,20.107,20.19,20.06,20.163,14.367,0.26%,5921
2022/1/5,20.31,20.33,20.167,20.167,14.37,0.02%,4608
2022/1/6,20.04,20.04,19.904,19.904,14.183,-1.30%,2186
2022/1/7,19.945,20.03,19.9,19.969,14.229,0.33%,1362
2022/1/10,19.981,20.11,19.981,20.035,14.276,0.33%,556
2022/1/11,20.1,20.257,20.1,20.257,14.434,1.11%,1469
2022/1/12,20.305,20.385,20.285,20.36,14.508,0.51%,3351
2022/1/13,20.32,20.32,20.195,20.243,14.424,-0.57%,2754
2022/1/14,20.27,20.27,20.2,20.2,14.393,-0.21%,1230
2022/1/18,20.33,20.33,20.119,20.175,14.376,-0.12%,5424
2022/1/19,20.496,20.496,20.44,20.44,14.565,1.31%,2173
2022/1/20,20.53,20.53,20.41,20.41,14.543,-0.15%,87359
2022/1/21,20.51,20.51,20.24,20.311,14.472,-0.49%,62748
2022/1/24,20.316,20.416,20.316,20.416,14.548,0.52%,2311
2022/1/25,20.488,20.55,20.48,20.48,14.593,0.31%,1889
2022/1/26,20.39,20.4,20.217,20.217,14.406,-1.28%,5470
2022/1/27,20.16,20.16,19.98,20.004,14.254,-1.05%,15596
2022/1/28,19.89,19.89,19.76,19.85,14.144,-0.77%,68423
2022/1/31,20.12,20.12,19.986,20.027,14.27,0.89%,5340
2022/2/1,20.19,20.19,20.025,20.025,14.304,-0.01%,2447
2022/2/2,20.05,20.119,20,20.043,14.317,0.09%,5353
2022/2/3,20.08,20.1,20.04,20.1,14.358,0.28%,9066
2022/2/4,20.07,20.13,20.065,20.12,14.372,0.10%,5608
2022/2/7,20.23,20.25,20.195,20.2,14.429,0.40%,3067
2022/2/8,20.26,20.31,20.18,20.242,14.459,0.21%,29805
2022/2/9,20.297,20.34,20.28,20.295,14.497,0.26%,4982
2022/2/10,20.42,20.42,20.24,20.285,14.49,-0.05%,17702
2022/2/11,20.34,20.543,20.32,20.47,14.622,0.91%,22825
2022/2/14,20.6,20.644,20.6,20.644,14.746,0.85%,1080
2022/2/15,20.36,20.51,20.36,20.466,14.619,-0.86%,3782
2022/2/16,20.62,20.74,20.54,20.59,14.708,0.61%,18691
2022/2/17,20.889,20.94,20.84,20.89,14.922,1.46%,60981
2022/2/18,21.03,21.03,20.85,20.85,14.894,-0.19%,3577
2022/2/22,20.908,21.01,20.88,20.93,14.951,0.38%,8259
2022/2/23,20.976,21,20.91,20.985,14.99,0.26%,1032
2022/2/24,21.14,21.14,20.692,20.9,14.929,-0.41%,32427
2022/2/25,20.85,20.85,20.809,20.827,14.877,-0.35%,811
2022/2/28,20.87,20.969,20.838,20.969,14.978,0.68%,4672
2022/3/1,20.31,21.369,20.31,21.307,15.257,1.61%,20619
2022/3/2,21.21,21.21,21.11,21.11,15.116,-0.92%,183
2022/3/3,21.16,21.31,21.11,21.22,15.195,0.52%,14881
2022/3/4,21.37,21.49,21.31,21.49,15.388,1.27%,777
2022/3/7,21.55,21.9,21.55,21.796,15.607,1.42%,26853
2022/3/8,21.98,22.47,21.98,22.308,15.974,2.35%,4646
2022/3/9,21.84,21.84,21.713,21.769,15.588,-2.42%,2290
2022/3/10,21.94,21.94,21.77,21.79,15.603,0.10%,9025
2022/3/11,21.69,21.71,21.55,21.675,15.52,-0.53%,42815
2022/3/14,21.55,21.55,21.365,21.43,15.345,-1.13%,3774
2022/3/15,21.006,21.2,20.955,21.026,15.056,-1.89%,38650
2022/3/16,20.95,21.13,20.89,21.08,15.095,0.26%,6104
2022/3/17,21.31,21.31,21.213,21.213,15.189,0.63%,2675
2022/3/18,21.17,21.25,21.084,21.091,15.102,-0.58%,2249
2022/3/21,21.19,21.291,21.19,21.272,15.232,0.86%,1815
2022/3/22,21.135,21.169,21.135,21.169,15.158,-0.48%,5060
2022/3/23,21.37,21.51,21.22,21.379,15.309,0.99%,139135
2022/3/24,21.59,21.6,21.44,21.515,15.406,0.64%,10404
2022/3/25,21.46,21.46,21.46,21.46,15.367,-0.26%,7
2022/3/28,21.39,21.39,21.12,21.13,15.13,-1.54%,107057
2022/3/29,20.98,21.115,20.96,21.115,15.12,-0.07%,2335
2022/3/30,21.245,21.31,21.245,21.248,15.215,0.63%,2639
2022/3/31,21.37,21.42,21.315,21.33,15.274,0.39%,97133
2022/4/1,21.16,21.25,21.09,21.158,15.19,-0.81%,27563
2022/4/4,21.22,21.3,21.1,21.24,15.249,0.39%,18873
2022/4/5,21.3,21.3,21.04,21.072,15.128,-0.79%,4652
2022/4/6,21.02,21.19,21.02,21.111,15.156,0.19%,1904
2022/4/7,21.18,21.25,21.13,21.201,15.221,0.43%,11774
2022/4/8,21.355,21.355,21.24,21.29,15.284,0.42%,4893
2022/4/11,21.38,21.46,21.3,21.46,15.407,0.80%,16999
2022/4/12,21.45,21.66,21.45,21.58,15.493,0.56%,37121
2022/4/13,21.67,21.69,21.56,21.613,15.517,0.15%,6061
2022/4/14,21.57,21.62,21.5,21.56,15.479,-0.25%,3243
2022/4/18,21.745,21.745,21.615,21.637,15.534,0.36%,25089
2022/4/19,21.383,21.44,21.328,21.328,15.312,-1.43%,7781
2022/4/20,21.5,21.51,21.33,21.51,15.443,0.85%,11648
2022/4/21,21.52,21.52,21.252,21.395,15.36,-0.53%,2592
2022/4/22,21.31,21.41,21.21,21.218,15.233,-0.83%,14867
2022/4/25,20.94,20.94,20.78,20.91,15.012,-1.45%,131094
2022/4/26,21.11,21.11,20.86,20.868,14.981,-0.20%,14434
2022/4/27,20.66,20.8,20.66,20.7,14.861,-0.81%,9517
2022/4/28,20.79,20.9,20.68,20.9,15.005,0.97%,30483
2022/4/29,21.03,21.03,20.832,20.832,14.956,-0.33%,7102
2022/5/2,20.37,20.506,20.37,20.469,14.737,-1.74%,14491
2022/5/3,20.4,20.514,20.4,20.47,14.738,0.00%,5482
2022/5/4,20.4,20.606,20.395,20.606,14.836,0.66%,125758
2022/5/5,20.75,20.75,20.545,20.585,14.821,-0.10%,4895
2022/5/6,20.63,20.687,20.63,20.637,14.858,0.25%,2114
2022/5/9,20.45,20.459,20.29,20.398,14.686,-1.16%,8544
2022/5/10,20.293,20.293,20.13,20.179,14.529,-1.07%,8977
2022/5/11,20.4,20.43,20.21,20.43,14.709,1.24%,47153
2022/5/12,20.18,20.2,19.96,20.025,14.417,-1.98%,14298
2022/5/13,19.88,19.94,19.83,19.87,14.306,-0.77%,12772
2022/5/16,19.99,20.065,19.86,20.065,14.446,0.98%,10078
2022/5/17,20.17,20.17,19.87,19.95,14.364,-0.57%,4835
2022/5/18,19.98,20.04,19.91,20.015,14.41,0.33%,24703
2022/5/19,20.35,20.35,20.2,20.255,14.583,1.20%,7779
2022/5/20,20.38,20.38,20.175,20.266,14.591,0.05%,6047
2022/5/23,20.37,20.4,20.356,20.39,14.68,0.61%,3232
2022/5/24,20.434,20.58,20.434,20.505,14.763,0.56%,12072
2022/5/25,20.43,20.59,20.27,20.43,14.709,-0.37%,81320
2022/5/26,20.29,20.41,20.235,20.41,14.695,-0.10%,16768
2022/5/27,20.42,20.49,20.345,20.37,14.666,-0.20%,32743
2022/5/31,20.3,20.32,20.167,20.167,14.52,-1.00%,2062
2022/6/1,20.2,20.35,20.17,20.33,14.68,0.81%,13829
2022/6/2,20.4,20.459,20.397,20.42,14.745,0.44%,1012
2022/6/3,20.42,20.42,20.21,20.245,14.618,-0.86%,1341
2022/6/6,20.3,20.3,20.2,20.23,14.607,-0.07%,8083
2022/6/7,20.269,20.355,20.21,20.325,14.676,0.47%,4891
2022/6/8,20.44,20.44,20.28,20.28,14.644,-0.22%,17552
2022/6/9,20.249,20.45,20.24,20.45,14.766,0.84%,5257
2022/6/10,20.18,20.539,20.13,20.39,14.723,-0.29%,9692
2022/6/13,20.11,20.218,20.02,20.045,14.474,-1.69%,37136
2022/6/14,19.97,19.97,19.827,19.92,14.384,-0.62%,14077
2022/6/15,20.008,20.475,19.94,20.08,14.499,0.80%,14381
2022/6/16,20.266,20.4,20.266,20.4,14.73,1.59%,8732
2022/6/17,20.31,20.33,20.11,20.23,14.607,-0.83%,37142
2022/6/21,20.23,20.24,20.01,20.085,14.503,-0.72%,48066
2022/6/22,20.204,20.204,20.13,20.155,14.554,0.35%,3140
2022/6/23,20.19,20.195,20.01,20.055,14.481,-0.50%,18930
2022/6/24,19.96,20.15,19.96,20.041,14.471,-0.07%,7614
2022/6/27,20.042,20.1,20,20.015,14.452,-0.13%,1892
2022/6/28,20.031,20.031,19.98,20,14.441,-0.07%,1690
2022/6/29,19.995,20.03,19.95,19.971,14.421,-0.14%,4321
2022/6/30,19.91,19.91,19.78,19.843,14.328,-0.64%,11837
2022/7/1,19.778,19.836,19.75,19.835,14.371,-0.04%,6183
2022/7/5,19.8,19.8,19.24,19.3,13.984,-2.70%,58317
2022/7/6,19.27,19.325,19.02,19.02,13.781,-1.45%,8768
2022/7/7,19.2,19.2,19.1,19.1,13.839,0.42%,2009
2022/7/8,19.1,19.118,19.04,19.118,13.852,0.09%,2212
2022/7/11,19.16,19.16,19.022,19.022,13.782,-0.50%,2051
2022/7/12,18.969,18.969,18.91,18.939,13.722,-0.44%,2121
2022/7/13,19.01,19.095,19,19.049,13.801,0.58%,8845
2022/7/14,18.66,18.84,18.66,18.79,13.614,-1.36%,3551
2022/7/15,18.75,18.75,18.68,18.698,13.548,-0.49%,5257
2022/7/18,18.94,18.94,18.67,18.672,13.529,-0.14%,5313
2022/7/19,18.795,18.795,18.764,18.771,13.6,0.53%,1228
2022/7/20,18.78,18.78,18.59,18.6,13.477,-0.91%,1140
2022/7/21,18.57,18.86,18.56,18.84,13.65,1.29%,2988
2022/7/22,18.89,18.891,18.89,18.891,13.687,0.27%,252
2022/7/25,18.89,18.92,18.82,18.861,13.665,-0.16%,3104
2022/7/26,18.855,18.91,18.8,18.835,13.647,-0.14%,14876
2022/7/27,18.86,19.049,18.825,19.024,13.783,1.00%,6152
2022/7/28,19.235,19.255,19.17,19.255,13.951,1.21%,3159
2022/7/29,19.41,19.41,19.343,19.343,14.014,0.46%,256
2022/8/1,19.397,19.397,19.32,19.387,14.106,0.23%,18896
2022/8/2,19.34,19.412,19.247,19.247,14.004,-0.72%,28485
2022/8/3,19.35,19.35,19.209,19.261,14.015,0.07%,3466
2022/8/4,19.45,19.54,19.45,19.495,14.185,1.21%,14327
2022/8/5,19.356,19.374,19.34,19.353,14.082,-0.73%,4390
2022/8/8,19.471,19.53,19.45,19.485,14.178,0.68%,32343
2022/8/9,19.62,19.63,19.49,19.544,14.22,0.30%,4915
2022/8/10,19.52,19.54,19.47,19.495,14.185,-0.25%,5795
2022/8/11,19.498,19.498,19.455,19.455,14.156,-0.21%,300
2022/8/12,19.58,19.649,19.58,19.595,14.258,0.72%,728
2022/8/15,19.45,19.48,19.425,19.425,14.134,-0.87%,2393
2022/8/16,19.375,19.395,19.375,19.387,14.107,-0.20%,1382
2022/8/17,19.44,19.45,19.24,19.288,14.035,-0.51%,28120
2022/8/18,19.28,19.28,19.228,19.228,13.99,-0.31%,2130
2022/8/19,19.26,19.26,19.109,19.109,13.904,-0.62%,1718
2022/8/22,19.02,19.044,18.95,19.01,13.832,-0.52%,6415
2022/8/23,19.2,19.2,19.13,19.131,13.921,0.64%,4026
2022/8/24,19.1,19.23,19.1,19.23,13.992,0.52%,22277
2022/8/25,19.16,19.29,19.15,19.235,13.996,0.03%,7469
2022/8/26,19.185,19.37,19.038,19.038,13.853,-1.02%,8894
2022/8/29,19.074,19.074,18.97,19.041,13.855,0.02%,1574
2022/8/30,18.925,18.925,18.85,18.9,13.752,-0.74%,3035
2022/8/31,18.8,18.83,18.68,18.74,13.636,-0.85%,3908
2022/9/1,18.58,18.66,18.54,18.624,13.612,-0.62%,2709
2022/9/2,18.74,18.75,18.58,18.59,13.587,-0.18%,6210
2022/9/6,18.74,18.74,18.52,18.571,13.573,-0.10%,5266
2022/9/7,18.659,18.731,18.659,18.731,13.69,0.86%,371
2022/9/8,18.64,18.658,18.64,18.651,13.631,-0.43%,1086
2022/9/9,18.7,18.79,18.68,18.78,13.726,0.69%,14482
2022/9/12,18.76,18.899,18.75,18.812,13.749,0.17%,5114
2022/9/13,18.655,18.68,18.61,18.61,13.602,-1.07%,1833
2022/9/14,18.71,18.71,18.54,18.544,13.553,-0.35%,2277
2022/9/15,18.422,18.422,18.21,18.21,13.31,-1.80%,1300
2022/9/16,18.16,18.37,18.16,18.342,13.406,0.72%,59506
2022/9/19,18.22,18.41,18.21,18.41,13.455,0.37%,8242
2022/9/20,18.2,18.245,18.19,18.245,13.335,-0.90%,1216
2022/9/21,18.26,18.328,18.2,18.328,13.396,0.45%,1301
2022/9/22,18.33,18.39,18.291,18.317,13.387,-0.06%,4997
2022/9/23,18.02,18.095,17.95,17.997,13.154,-1.75%,21975
2022/9/26,18.1,18.12,17.77,17.794,13.005,-1.13%,8319
2022/9/27,17.865,17.925,17.8,17.829,13.031,0.20%,10824
2022/9/28,18.05,18.2,18.05,18.15,13.265,1.80%,2495
2022/9/29,18.1,18.23,18.1,18.196,13.299,0.25%,104299
2022/9/30,18.32,18.32,18.189,18.218,13.315,0.12%,1862
2022/10/3,18.33,18.6,17.37,18.564,13.629,1.90%,85552
2022/10/4,18.52,18.712,18.02,18.687,13.719,0.66%,113637
2022/10/5,18.44,18.64,18.44,18.603,13.658,-0.45%,9963
2022/10/6,18.67,18.68,18.55,18.605,13.659,0.01%,166403
2022/10/7,18.44,18.51,18.381,18.439,13.537,-0.89%,1519
2022/10/10,18.18,18.215,18.18,18.201,13.363,-1.29%,824
2022/10/11,18.2,18.307,18.165,18.165,13.336,-0.20%,6505
2022/10/12,18.245,18.266,18.17,18.244,13.394,0.43%,3315
2022/10/13,18.002,18.165,18.002,18.165,13.336,-0.43%,414
2022/10/14,17.96,17.968,17.94,17.96,13.186,-1.13%,2311
2022/10/17,18.14,18.14,18.014,18.014,13.226,0.30%,1099
2022/10/18,18.02,18.11,18.01,18.04,13.244,0.14%,18092
2022/10/19,17.96,17.96,17.78,17.85,13.105,-1.05%,17285
2022/10/20,18.04,18.06,17.808,17.88,13.127,0.17%,10192
2022/10/21,17.97,18.17,17.966,18.16,13.333,1.57%,6193
2022/10/24,18.19,18.19,17.99,18.058,13.258,-0.56%,7195
2022/10/25,18.18,18.19,18.094,18.1,13.289,0.23%,7402
2022/10/26,18.24,18.27,18.18,18.201,13.362,0.56%,5307
2022/10/27,18.183,18.24,18.13,18.14,13.318,-0.34%,6847
2022/10/28,17.97,18.02,17.97,17.97,13.193,-0.94%,10045
2022/10/31,18,18,17.87,17.879,13.126,-0.51%,9080
2022/11/1,17.995,18.03,17.94,18.001,13.286,0.68%,7010
2022/11/2,17.98,17.98,17.839,17.839,13.166,-0.90%,332
2022/11/3,17.53,17.81,17.53,17.72,13.079,-0.67%,5763
2022/11/4,18.075,18.171,18.075,18.171,13.411,2.55%,8829
2022/11/7,18.21,18.21,18.13,18.16,13.403,-0.06%,10780
2022/11/8,18.23,18.539,18.23,18.452,13.619,1.61%,4441
2022/11/9,18.49,18.49,18.4,18.401,13.581,-0.28%,2550
2022/11/10,18.71,18.76,18.71,18.745,13.835,1.87%,1469
2022/11/11,18.869,18.87,18.869,18.87,13.927,0.67%,2672
2022/11/14,18.865,18.97,18.865,18.92,13.964,0.26%,116017
2022/11/15,18.905,18.98,18.89,18.943,13.981,0.12%,9595
2022/11/16,19,19,18.93,18.93,13.972,-0.07%,1768
2022/11/17,18.796,18.846,18.77,18.82,13.891,-0.58%,2852
2022/11/18,18.765,18.84,18.72,18.775,13.857,-0.24%,6309
2022/11/21,18.63,18.688,18.6,18.675,13.784,-0.53%,42323
2022/11/22,18.64,18.758,18.6,18.74,13.831,0.35%,14706
2022/11/23,18.708,18.766,18.64,18.766,13.85,0.14%,2500
2022/11/25,18.784,18.784,18.784,18.784,13.864,0.10%,32
2022/11/28,18.765,18.765,18.66,18.685,13.791,-0.53%,1003
2022/11/29,18.74,18.8,18.68,18.68,13.787,-0.03%,20956
2022/11/30,18.74,18.84,18.74,18.84,13.905,0.86%,22459
2022/12/1,18.95,19.06,18.95,19.04,14.133,1.06%,6489
2022/12/2,18.802,18.959,18.802,18.915,14.04,-0.66%,1275
2022/12/5,18.825,18.825,18.64,18.684,13.869,-1.22%,15711
2022/12/6,18.7,18.756,18.651,18.705,13.884,0.11%,18805
2022/12/7,18.75,18.845,18.75,18.825,13.974,0.64%,952
2022/12/8,18.89,18.89,18.852,18.852,13.993,0.14%,59800
2022/12/9,18.89,18.98,18.89,18.91,14.037,0.31%,11688
2022/12/12,18.85,18.87,18.74,18.74,13.911,-0.90%,6697
2022/12/13,19.12,19.12,18.93,18.99,14.096,1.33%,5455
2022/12/14,19.08,19.08,19.007,19.007,14.109,0.09%,2932
2022/12/15,18.84,18.86,18.73,18.86,14,-0.77%,3756
2022/12/16,18.9,18.945,18.835,18.945,14.063,0.45%,4860
2022/12/19,18.947,19.01,18.928,18.96,14.074,0.08%,23670
2022/12/20,19.075,19.111,19.02,19.106,14.182,0.77%,5678
2022/12/21,19.098,19.13,18.99,19.071,14.156,-0.18%,3285
2022/12/22,19,19.02,18.82,18.915,14.041,-0.82%,6389
2022/12/23,18.93,19.04,18.91,18.958,14.072,0.23%,8043
2022/12/27,19.1,19.235,18.99,19.045,14.137,0.46%,88570
2022/12/28,19.12,19.12,18.894,18.95,14.066,-0.50%,22550
2022/12/29,19.11,19.11,19.1,19.1,14.178,0.79%,490
2022/12/30,19.07,19.09,18.96,19.04,14.133,-0.31%,57266
2023/1/3,19.24,19.34,19.13,19.295,14.401,1.34%,24529
2023/1/4,19.38,19.38,19.22,19.329,14.426,0.18%,17286
2023/1/5,19.17,19.22,19.12,19.16,14.3,-0.87%,2585
2023/1/6,19.4,19.5,19.35,19.422,14.495,1.37%,5801
2023/1/9,19.485,19.485,19.435,19.46,14.524,0.20%,2275
2023/1/10,19.46,19.54,19.43,19.5,14.554,0.21%,19636
2023/1/11,19.39,19.53,19.39,19.501,14.554,0.01%,78967
2023/1/12,19.61,19.66,19.564,19.633,14.653,0.68%,3963
2023/1/13,19.745,19.87,19.745,19.827,14.797,0.99%,7585
2023/1/17,19.89,19.89,19.727,19.74,14.733,-0.44%,1716
2023/1/18,19.75,19.86,19.62,19.62,14.643,-0.61%,8712
2023/1/19,19.824,19.902,19.824,19.902,14.854,1.44%,792
2023/1/20,19.8,19.92,19.8,19.91,14.86,0.04%,6062
2023/1/23,19.84,19.94,19.776,19.94,14.882,0.15%,22956
2023/1/24,19.92,19.96,19.846,19.941,14.882,0.01%,7773
2023/1/25,19.92,20,19.87,19.982,14.913,0.21%,10555
2023/1/26,19.92,19.955,19.87,19.9,14.852,-0.41%,10615
2023/1/27,19.87,19.945,19.842,19.91,14.86,0.05%,29178
2023/1/30,19.91,19.91,19.81,19.854,14.818,-0.28%,5583
2023/1/31,19.89,19.91,19.83,19.872,14.831,0.09%,4020
2023/2/1,19.735,19.97,19.706,19.92,14.959,0.24%,5792
2023/2/2,19.9,19.9,19.602,19.665,14.767,-1.28%,23990
2023/2/3,19.294,19.39,19.13,19.205,14.422,-2.34%,22213
2023/2/6,19.28,19.28,19.22,19.261,14.464,0.29%,3199
2023/2/7,19.28,19.29,19.2,19.25,14.455,-0.06%,1056
2023/2/8,19.3,19.36,19.24,19.301,14.494,0.26%,8795
2023/2/9,19.091,19.154,19.091,19.154,14.383,-0.76%,1736
2023/2/10,19.17,19.26,19.15,19.15,14.381,-0.02%,13251
2023/2/13,19.07,19.17,19.05,19.17,14.396,0.10%,9310
2023/2/14,19.188,19.312,18.92,19.135,14.37,-0.18%,19795
2023/2/15,18.96,18.99,18.91,18.952,14.232,-0.96%,13693
2023/2/16,18.87,19.03,18.87,18.97,14.246,0.09%,3369
2023/2/17,18.912,19.03,18.912,18.973,14.247,0.02%,2493
2023/2/21,19.05,19.05,18.87,18.96,14.238,-0.07%,3505
2023/2/22,18.83,18.95,18.825,18.825,14.136,-0.71%,5476
2023/2/23,18.8,18.83,18.75,18.79,14.111,-0.19%,4326
2023/2/24,18.66,18.68,18.63,18.68,14.028,-0.59%,4908
2023/2/27,18.69,18.79,18.69,18.73,14.065,0.27%,2890
2023/2/28,18.81,18.865,18.791,18.86,14.163,0.69%,1790
2023/3/1,18.72,18.81,18.72,18.81,14.214,-0.27%,3589
2023/3/2,18.788,18.97,18.788,18.815,14.218,0.03%,68685
2023/3/3,18.895,18.99,18.83,18.99,14.35,0.93%,10268
2023/3/6,18.97,18.97,18.876,18.93,14.305,-0.32%,1664
2023/3/7,18.66,18.67,18.61,18.665,14.105,-1.40%,3888
2023/3/8,18.68,18.71,18.62,18.649,14.092,-0.09%,4853
2023/3/9,18.735,18.78,18.735,18.78,14.192,0.70%,9842
2023/3/10,18.99,19.02,18.922,19.008,14.364,1.21%,6204
2023/3/13,19.36,19.36,19.145,19.195,14.505,0.98%,5501
2023/3/14,19.35,19.35,19.25,19.281,14.57,0.45%,7085
2023/3/15,19.4,19.41,19.22,19.292,14.578,0.06%,8916
2023/3/16,19.37,19.49,19.36,19.416,14.672,0.64%,7129
2023/3/17,19.47,19.72,19.47,19.66,14.857,1.26%,4174
2023/3/20,19.766,19.82,19.674,19.68,14.872,0.10%,19097
2023/3/21,19.51,19.7,19.508,19.508,14.742,-0.87%,23385
2023/3/22,19.54,19.74,19.51,19.72,14.902,1.09%,29876
2023/3/23,19.77,19.93,19.77,19.836,14.989,0.59%,22189
2023/3/24,19.91,19.91,19.68,19.77,14.94,-0.33%,18379
2023/3/27,19.67,19.7,19.5,19.643,14.844,-0.64%,195031
2023/3/28,19.79,19.79,19.655,19.72,14.902,0.39%,12433
2023/3/29,19.75,19.75,19.627,19.7,14.887,-0.10%,19906
2023/3/30,19.82,19.82,19.63,19.775,14.944,0.38%,163420
2023/3/31,19.76,21.16,19.708,19.765,14.936,-0.05%,88382
2023/4/3,19.611,19.8,19.6,19.79,15.044,0.13%,40178
2023/4/4,19.78,20.07,19.68,20,15.204,1.06%,40028
2023/4/5,20.11,20.15,19.869,20.01,15.212,0.05%,84913
2023/4/6,19.95,20.77,19.75,19.96,15.174,-0.25%,458721
2023/4/10,19.84,19.84,19.71,19.77,15.029,-0.95%,31924
2023/4/11,19.802,19.95,19.8,19.915,15.139,0.73%,36573
2023/4/12,19.89,20.05,19.89,20.03,15.227,0.58%,58873
2023/4/13,20.04,20.17,20.03,20.17,15.333,0.70%,32935
2023/4/14,20.05,20.05,19.81,19.925,15.147,-1.21%,34098
2023/4/17,19.75,19.87,19.736,19.87,15.105,-0.28%,12958
2023/4/18,19.74,19.97,19.74,19.93,15.151,0.30%,12826
2023/4/19,19.87,19.88,19.75,19.85,15.09,-0.40%,8861
2023/4/20,19.98,19.98,19.85,19.94,15.158,0.45%,38384
2023/4/21,19.83,19.84,19.66,19.8,15.052,-0.70%,18963
2023/4/24,19.702,19.91,19.702,19.85,15.09,0.25%,20575
2023/4/25,19.94,19.94,19.71,19.91,15.136,0.30%,28136
2023/4/26,19.949,19.95,19.77,19.85,15.09,-0.30%,44760
2023/4/27,19.83,19.88,19.73,19.87,15.105,0.10%,404606
2023/4/28,19.85,19.92,19.745,19.89,15.12,0.10%,42096
2023/5/1,19.805,19.805,19.649,19.66,15.036,-1.16%,5929
2023/5/2,19.61,19.97,19.61,19.9,15.22,1.22%,16514
2023/5/3,19.935,20.14,19.935,20.13,15.395,1.16%,46457
2023/5/4,19.96,20.26,19.96,20.195,15.445,0.32%,21466
2023/5/5,19.874,20.02,19.83,20.01,15.304,-0.92%,17520
2023/5/8,20.06,20.1,19.98,20.04,15.327,0.15%,27489
2023/5/9,20.08,20.155,20.01,20.155,15.415,0.57%,5452
2023/5/10,20.18,20.195,19.957,20.11,15.38,-0.22%,38231
2023/5/11,20.065,20.065,19.89,19.98,15.281,-0.65%,18996
2023/5/12,20.06,20.06,19.892,19.99,15.288,0.05%,21022
2023/5/15,19.98,20.04,19.98,20.02,15.311,0.15%,29677
2023/5/16,19.96,19.97,19.76,19.83,15.166,-0.95%,18556
2023/5/17,19.97,19.97,19.64,19.82,15.158,-0.05%,25205
2023/5/18,19.5,19.55,19.41,19.55,14.952,-1.36%,61141
2023/5/19,19.57,19.75,19.503,19.71,15.074,0.82%,13033
2023/5/22,19.651,19.7,19.61,19.643,15.023,-0.34%,22108
2023/5/23,19.63,19.69,19.58,19.68,15.051,0.19%,16634
2023/5/24,19.67,19.68,19.5,19.505,14.918,-0.89%,16716
2023/5/25,19.384,19.43,19.342,19.355,14.803,-0.77%,10817
2023/5/26,19.28,19.43,19.28,19.43,14.86,0.39%,17631
2023/5/30,19.34,19.565,19.34,19.53,14.937,0.51%,35725
2023/5/31,19.45,19.629,19.45,19.62,15.005,0.46%,11209
2023/6/1,19.42,19.52,19.42,19.52,15.035,-0.51%,14984
2023/6/2,19.401,19.44,19.27,19.271,14.843,-1.28%,15742
2023/6/5,19.245,19.43,19.21,19.42,14.958,0.77%,13334
2023/6/6,19.38,19.44,19.3,19.43,14.965,0.05%,14056
2023/6/7,19.44,19.46,19.17,19.21,14.796,-1.13%,9957
2023/6/8,19.45,19.479,19.34,19.45,14.981,1.25%,25896
2023/6/9,19.41,19.45,19.32,19.428,14.964,-0.11%,13036
2023/6/12,19.32,19.41,19.31,19.356,14.908,-0.37%,6831
2023/6/13,19.52,19.52,19.212,19.28,14.85,-0.39%,21013
2023/6/14,19.49,19.49,19.28,19.33,14.888,0.26%,9496
2023/6/15,19.37,19.45,19.339,19.43,14.965,0.52%,17426
2023/6/16,19.365,20.69,19.35,19.447,14.979,0.09%,159306
2023/6/20,19.33,19.33,19.139,19.27,14.842,-0.91%,37476
2023/6/21,19.18,19.26,19.152,19.25,14.827,-0.10%,3792
2023/6/22,19.21,19.21,19.03,19.07,14.688,-0.94%,16669
2023/6/23,19.2,19.26,19.025,19.12,14.727,0.26%,26430
2023/6/26,19.24,19.24,19.07,19.16,14.757,0.21%,27899
2023/6/27,19.25,19.25,19.02,19.07,14.688,-0.47%,12632
2023/6/28,19.04,19.06,18.94,18.99,14.627,-0.42%,14789
2023/6/29,18.887,19.849,18.885,18.91,14.565,-0.42%,126071
2023/6/30,19.09,19.13,19,19.13,14.734,1.16%,29409
2023/7/3,18.98,19.03,18.98,19,14.732,-0.68%,5552
2023/7/5,19.03,19.12,18.96,18.99,14.724,-0.05%,83178
2023/7/6,18.88,18.99,18.83,18.89,14.647,-0.53%,42367
2023/7/7,18.955,19.07,18.945,19.03,14.755,0.74%,45041
2023/7/10,19.07,19.07,18.95,18.95,14.693,-0.42%,11680
2023/7/11,19.11,19.11,19,19.09,14.802,0.74%,60705
2023/7/12,19.13,19.26,19.13,19.25,14.926,0.84%,19251
2023/7/13,19.29,19.29,19.15,19.16,14.856,-0.47%,59221
2023/7/14,19.28,19.28,19.11,19.175,14.868,0.08%,5062
2023/7/17,19.23,19.23,19.15,19.16,14.856,-0.08%,6664
2023/7/18,19.329,19.37,19.26,19.37,15.019,1.10%,6813
2023/7/19,19.379,19.4,19.259,19.38,15.027,0.05%,22744
2023/7/20,19.43,19.43,19.22,19.24,14.918,-0.72%,16515
2023/7/21,19.32,19.32,19.16,19.2,14.887,-0.21%,13785
2023/7/24,19.17,19.3,19.17,19.215,14.899,0.08%,6296
2023/7/25,19.29,19.33,19.19,19.22,14.903,0.03%,5834
2023/7/26,19.37,19.37,19.195,19.315,14.976,0.49%,17823
2023/7/27,19.25,19.25,19.13,19.14,14.841,-0.91%,6682
2023/7/28,19.19,19.31,19.14,19.2,14.887,0.31%,29776
2023/7/31,19.21,19.36,19.21,19.295,14.961,0.49%,14664
2023/8/1,19,19.04,18.96,19.03,14.86,-1.37%,13850
2023/8/2,18.94,18.97,18.86,18.86,14.727,-0.89%,179334
2023/8/3,18.99,18.99,18.87,18.88,14.743,0.11%,18147
2023/8/4,18.88,19.02,18.88,19.01,14.844,0.69%,11104
2023/8/7,18.94,18.99,18.9,18.9,14.758,-0.58%,16118
2023/8/8,18.91,18.94,18.86,18.91,14.766,0.05%,25430
2023/8/9,18.89,18.91,18.75,18.83,14.704,-0.42%,13592
2023/8/10,18.95,18.95,18.76,18.8,14.68,-0.16%,2865
2023/8/11,18.86,18.86,18.76,18.76,14.649,-0.21%,2102
2023/8/14,18.61,18.76,18.61,18.74,14.633,-0.11%,15715
2023/8/15,18.68,18.73,18.65,18.71,14.61,-0.16%,6251
2023/8/16,18.78,18.78,18.6,18.6,14.524,-0.59%,10394
2023/8/17,18.64,18.65,18.44,18.59,14.516,-0.05%,5338
2023/8/18,18.649,18.649,18.52,18.59,14.516,0.00%,12093
2023/8/21,18.54,18.64,18.54,18.54,14.477,-0.27%,3181
2023/8/22,18.52,18.67,18.52,18.59,14.516,0.27%,10960
2023/8/23,18.83,18.88,18.745,18.85,14.719,1.40%,7255
2023/8/24,18.792,18.86,18.76,18.76,14.649,-0.48%,6002
2023/8/25,18.68,18.83,18.68,18.83,14.704,0.37%,10906
2023/8/28,18.84,18.955,18.8,18.87,14.735,0.21%,11268
2023/8/29,19.1,19.11,18.87,19.07,14.891,1.06%,25241
2023/8/30,19.03,19.19,19.01,19.02,14.852,-0.26%,18092
2023/8/31,19.06,19.06,18.996,19.035,14.864,0.08%,6956
2023/9/1,19.06,19.06,18.84,18.85,14.823,-0.97%,20310
2023/9/5,18.99,18.99,18.76,18.85,14.823,0.00%,8230
2023/9/6,18.86,18.9,18.73,18.78,14.768,-0.37%,14607
2023/9/7,18.86,18.86,18.748,18.76,14.753,-0.11%,6261
2023/9/8,18.79,18.84,18.76,18.82,14.8,0.32%,20305
2023/9/11,18.94,18.94,18.82,18.86,14.831,0.21%,6880
2023/9/12,18.82,18.82,18.71,18.75,14.745,-0.58%,16839
2023/9/13,18.719,18.79,18.69,18.75,14.745,0.00%,16533
2023/9/14,18.71,18.77,18.65,18.67,14.682,-0.43%,22452
2023/9/15,18.75,18.91,18.75,18.86,14.831,1.02%,19751
2023/9/18,18.79,18.95,18.79,18.87,14.839,0.05%,7453
2023/9/19,18.9,18.93,18.844,18.92,14.878,0.26%,6303
2023/9/20,18.88,19.02,18.88,18.89,14.855,-0.16%,10920
2023/9/21,18.9,18.9,18.76,18.76,14.753,-0.69%,9061
2023/9/22,18.899,18.91,18.81,18.91,14.871,0.80%,1593
2023/9/25,18.91,18.91,18.746,18.82,14.8,-0.48%,16869
2023/9/26,18.6,18.67,18.58,18.66,14.674,-0.85%,18781
2023/9/27,18.48,18.48,18.34,18.391,14.462,-1.44%,8888
2023/9/28,18.36,18.374,18.208,18.24,14.344,-0.82%,30362
2023/9/29,18.33,18.33,18.06,18.109,14.241,-0.72%,7714
2023/10/2,17.829,17.95,17.78,17.95,14.216,-0.88%,34416
2023/10/3,17.864,17.97,17.78,17.86,14.145,-0.50%,40645
2023/10/4,17.83,17.87,17.71,17.815,14.109,-0.25%,30608
2023/10/5,17.775,17.81,17.69,17.79,14.09,-0.14%,42960
2023/10/6,17.84,17.94,17.765,17.92,14.192,0.73%,15501
2023/10/9,18,18.14,18,18.103,14.337,1.02%,2811
2023/10/10,18.065,18.12,18.05,18.075,14.315,-0.15%,7890
2023/10/11,18.155,18.216,18.07,18.176,14.395,0.56%,24315
2023/10/12,18.215,18.22,18.125,18.14,14.367,-0.20%,14703
2023/10/13,18.45,18.47,18.32,18.435,14.6,1.63%,7596
2023/10/16,18.33,18.47,18.32,18.43,14.596,-0.03%,6876
2023/10/17,18.455,18.5,18.4,18.44,14.604,0.05%,19180
2023/10/18,18.585,18.64,18.535,18.62,14.747,0.98%,16208
2023/10/19,18.66,18.73,18.56,18.668,14.784,0.26%,14880
2023/10/20,18.74,18.8,18.69,18.7,14.81,0.17%,16858
2023/10/23,18.75,18.75,18.66,18.685,14.799,-0.08%,16528
2023/10/24,18.625,18.73,18.625,18.71,14.818,0.13%,18900
2023/10/25,18.734,18.75,18.67,18.71,14.818,0.00%,3482
2023/10/26,18.65,18.72,18.61,18.72,14.826,0.05%,12253
2023/10/27,18.77,18.84,18.68,18.84,14.921,0.64%,10233
2023/10/30,18.77,18.84,18.73,18.83,14.913,-0.05%,23673
2023/10/31,18.63,18.83,18.63,18.725,14.83,-0.56%,12918
2023/11/1,18.5,18.62,18.5,18.565,14.807,-0.85%,22288
2023/11/2,18.5,18.66,18.5,18.612,14.844,0.25%,9469
2023/11/3,18.75,18.75,18.62,18.72,14.931,0.58%,37388
2023/11/6,18.49,18.66,18.49,18.6,14.835,-0.64%,55692
2023/11/7,18.57,18.57,18.43,18.517,14.769,-0.45%,53268
2023/11/8,18.46,18.47,18.31,18.41,14.683,-0.58%,28132
2023/11/9,18.39,18.57,18.38,18.48,14.739,0.38%,19980
2023/11/10,18.32,18.34,18.234,18.249,14.555,-1.25%,17068
2023/11/13,18.28,18.41,18.243,18.4,14.675,0.83%,12501
2023/11/14,18.56,18.56,18.44,18.486,14.744,0.47%,26805
2023/11/15,18.5,18.54,18.41,18.465,14.727,-0.11%,14913
2023/11/16,18.575,18.725,18.575,18.648,14.873,0.99%,6157
2023/11/17,18.68,18.72,18.6,18.641,14.868,-0.04%,22005
2023/11/20,18.56,18.73,18.56,18.68,14.899,0.21%,33881
2023/11/21,18.85,18.88,18.75,18.88,15.058,1.07%,33131
2023/11/22,18.86,18.86,18.68,18.76,14.963,-0.64%,8473
2023/11/24,18.785,18.84,18.771,18.803,14.997,0.23%,6611
2023/11/27,18.95,18.95,18.76,18.889,15.066,0.46%,33056
2023/11/28,19.035,19.08,18.96,19.04,15.186,0.80%,16467
2023/11/29,19.13,19.13,18.98,19.045,15.19,0.03%,14494
2023/11/30,18.94,19.085,18.92,19.01,15.162,-0.18%,20401
2023/12/1,18.94,19.16,18.79,19.052,15.301,0.22%,13736
2023/12/4,18.95,18.97,18.735,18.805,15.103,-1.30%,21826
2023/12/5,18.84,18.84,18.7,18.79,15.091,-0.08%,38442
2023/12/6,18.88,18.88,18.76,18.845,15.135,0.29%,61634
2023/12/7,18.91,18.91,18.725,18.77,15.075,-0.40%,29226
2023/12/8,18.69,18.7,18.58,18.68,15.003,-0.48%,21983
2023/12/11,18.53,18.539,18.35,18.4,14.778,-1.50%,32697
2023/12/12,18.42,18.5,18.41,18.43,14.802,0.16%,12927
2023/12/13,18.5,18.87,18.45,18.87,15.155,2.39%,12979
2023/12/14,18.96,19,18.86,18.965,15.232,0.50%,51765
2023/12/15,18.95,18.97,18.7,18.805,15.103,-0.84%,17622
2023/12/18,18.815,18.91,18.79,18.91,15.188,0.56%,18050
2023/12/19,18.91,19.05,18.91,19.05,15.3,0.74%,9090
2023/12/20,19.17,19.17,18.84,18.94,15.212,-0.58%,20961
2023/12/21,18.895,19.06,18.895,19.04,15.292,0.53%,23461
2023/12/22,19.26,19.26,19.01,19.11,15.348,0.37%,12672
2023/12/26,19.08,19.19,19.025,19.11,15.348,0.00%,7775
2023/12/27,19.37,19.51,19.15,19.21,15.429,0.52%,17265
2023/12/28,19.19,19.26,19.12,19.26,15.469,0.26%,50705
2023/12/29,19.14,19.33,19.11,19.22,15.437,-0.21%,27410
2024/1/2,19.2,19.31,19.115,19.165,15.5,-0.29%,30444
2024/1/3,18.92,19,18.79,18.975,15.346,-0.99%,42121
2024/1/4,18.92,18.99,18.89,18.94,15.318,-0.18%,17619
2024/1/5,18.96,19.08,18.859,18.95,15.326,0.05%,23489
2024/1/8,18.78,18.875,18.78,18.82,15.221,-0.69%,11993
2024/1/9,18.825,18.869,18.76,18.84,15.237,0.11%,10965
2024/1/10,18.7,18.81,18.68,18.77,15.18,-0.37%,32120
2024/1/11,18.789,18.82,18.687,18.82,15.221,0.27%,11750
2024/1/12,18.98,19.08,18.91,18.98,15.35,0.85%,6828
2024/1/16,19.02,19.02,18.74,18.85,15.245,-0.68%,26279
2024/1/17,18.66,18.739,18.55,18.65,15.083,-1.06%,22393
2024/1/18,18.62,18.79,18.62,18.79,15.197,0.75%,18480
2024/1/19,18.85,18.87,18.73,18.86,15.253,0.37%,36592
2024/1/22,18.81,18.86,18.7,18.8,15.205,-0.32%,35735
2024/1/23,18.9,18.9,18.767,18.87,15.261,0.37%,18178
2024/1/24,18.94,18.94,18.63,18.64,15.075,-1.22%,16076
2024/1/25,18.89,18.89,18.66,18.76,15.172,0.64%,20334
2024/1/26,18.7,18.809,18.69,18.77,15.18,0.05%,11849
2024/1/29,18.97,18.97,18.775,18.83,15.229,0.32%,27091
2024/1/30,18.93,18.93,18.79,18.85,15.245,0.11%,22352
2024/1/31,19.06,19.06,18.856,18.91,15.294,0.32%,15078
2024/2/1,19.25,19.25,18.802,18.85,15.352,-0.32%,5976
2024/2/2,18.725,18.81,18.69,18.71,15.238,-0.74%,20961
2024/2/5,18.64,18.76,18.64,18.64,15.181,-0.37%,50469
2024/2/6,18.72,18.8,18.715,18.77,15.287,0.70%,14307
2024/2/7,18.85,18.85,18.725,18.725,15.25,-0.24%,16154
2024/2/8,18.72,18.76,18.69,18.752,15.272,0.14%,12831
2024/2/9,18.68,18.73,18.66,18.67,15.205,-0.44%,20909
2024/2/12,18.65,18.691,18.47,18.61,15.156,-0.32%,60044
2024/2/13,18.61,18.61,18.41,18.41,14.994,-1.07%,16408
2024/2/14,18.47,18.49,18.37,18.41,14.994,0.00%,7976
2024/2/15,18.49,18.589,18.49,18.5,15.067,0.49%,7955
2024/2/16,18.61,18.69,18.54,18.629,15.172,0.70%,15042
2024/2/20,18.67,18.78,18.67,18.76,15.279,0.70%,17417
2024/2/21,18.74,18.778,18.67,18.67,15.205,-0.48%,6803
2024/2/22,18.73,18.81,18.6,18.77,15.287,0.54%,52423
2024/2/23,18.761,18.88,18.73,18.78,15.295,0.05%,12248
2024/2/26,18.73,18.78,18.71,18.766,15.283,-0.07%,17760
2024/2/27,18.82,18.84,18.74,18.79,15.303,0.13%,24701
2024/2/28,18.77,18.85,18.76,18.785,15.299,-0.03%,12302
2024/2/29,18.86,18.88,18.85,18.86,15.36,0.40%,10447
2024/3/1,18.805,19.01,18.805,19.01,15.59,0.80%,27519
2024/3/4,19.17,19.18,19.02,19.14,15.696,0.68%,22122
2024/3/5,19.1,19.23,19.1,19.182,15.731,0.22%,27083
2024/3/6,19.36,19.36,19.19,19.267,15.801,0.44%,33288
2024/3/7,19.37,19.375,19.22,19.311,15.836,0.23%,36930
2024/3/8,19.34,19.45,19.32,19.42,15.926,0.56%,66166
2024/3/11,19.37,19.44,19.33,19.375,15.889,-0.23%,19269
2024/3/12,19.44,19.44,19.25,19.3,15.828,-0.39%,12565
2024/3/13,19.43,19.43,19.32,19.42,15.926,0.62%,19409
2024/3/14,19.41,19.41,19.31,19.38,15.893,-0.21%,10421
2024/3/15,19.31,19.37,19.299,19.37,15.885,-0.05%,12404
2024/3/18,19.37,19.37,19.29,19.37,15.885,0.00%,24031
2024/3/19,19.295,19.37,19.26,19.37,15.885,0.00%,14585
2024/3/20,19.31,19.48,19.3,19.47,15.967,0.52%,16033
2024/3/21,19.62,19.62,19.34,19.401,15.91,-0.35%,9449
2024/3/22,19.4,19.43,19.28,19.42,15.926,0.10%,19219
2024/3/25,19.43,19.45,19.38,19.44,15.942,0.10%,6347
2024/3/26,19.4,19.5,19.38,19.46,15.959,0.10%,30894
2024/3/27,19.456,19.53,19.42,19.53,16.016,0.36%,9991
2024/3/28,19.588,19.69,19.5,19.69,16.147,0.82%,7165
2024/4/1,19.69,19.94,19.52,19.64,16.218,-0.25%,32383
2024/4/2,19.74,19.8,19.63,19.705,16.271,0.33%,45386
2024/4/3,19.65,20,19.65,19.95,16.474,1.24%,57356
2024/4/4,19.76,19.94,19.75,19.75,16.309,-1.00%,12237
2024/4/5,20,20.07,19.79,20.07,16.573,1.62%,16914
2024/4/8,19.95,20.13,19.95,20.084,16.584,0.07%,6518
2024/4/9,20.17,20.22,20.11,20.19,16.672,0.53%,14307
2024/4/10,19.89,20.18,19.89,20.05,16.556,-0.69%,10482
2024/4/11,20.16,20.45,20.01,20.28,16.746,1.15%,76132
2024/4/12,20.35,20.52,20.07,20.17,16.655,-0.54%,21305
2024/4/15,20.11,20.36,20.098,20.25,16.721,0.40%,22302
2024/4/16,20.22,20.44,20.2,20.375,16.825,0.62%,45533
2024/4/17,20.38,20.38,20.241,20.29,16.755,-0.42%,36180
2024/4/18,20.299,20.36,20.22,20.32,16.779,0.15%,18568
2024/4/19,20.19,20.39,20.19,20.23,16.705,-0.44%,29739
2024/4/22,20.16,20.16,19.991,20.15,16.639,-0.40%,24443
2024/4/23,20.05,20.08,19.88,20.06,16.565,-0.45%,19939
2024/4/24,19.985,20.11,19.96,20.05,16.556,-0.05%,12828
2024/4/25,20.04,20.12,20.01,20.12,16.614,0.35%,59668
2024/4/26,20.185,20.29,20.05,20.16,16.647,0.20%,69983
2024/4/29,20.14,20.28,20.049,20.15,16.639,-0.05%,22418
2024/4/30,19.972,19.972,19.76,19.876,16.413,-1.36%,84975
2024/5/1,19.72,19.973,19.72,19.895,16.544,0.10%,16158
2024/5/2,19.7,19.89,19.7,19.84,16.498,-0.28%,19766
2024/5/3,19.75,19.93,19.72,19.91,16.557,0.35%,29834
2024/5/6,19.965,20.003,19.92,19.997,16.629,0.44%,6944
2024/5/7,20.02,20.02,19.92,20,16.632,0.02%,32499
2024/5/8,19.91,20.01,19.91,19.924,16.568,-0.38%,28314
2024/5/9,19.99,20.14,19.99,20.109,16.722,0.93%,25994
2024/5/10,20.35,20.35,20.19,20.28,16.864,0.85%,20916
2024/5/13,20.17,20.17,20,20.14,16.748,-0.69%,7179
2024/5/14,20.182,20.26,20.16,20.193,16.792,0.26%,7440
2024/5/15,20.24,20.39,20.21,20.3,16.881,0.53%,53249
2024/5/16,20.279,20.28,20.266,20.266,16.853,-0.17%,3980
2024/5/17,20.32,20.51,20.32,20.507,17.053,1.19%,9836
2024/5/20,20.51,20.61,20.42,20.48,17.031,-0.13%,152913
2024/5/21,20.68,20.68,20.47,20.64,17.164,0.78%,27276
2024/5/22,20.58,20.59,20.323,20.323,16.9,-1.54%,15115
2024/5/23,20.26,20.32,20,20.01,16.64,-1.54%,35136
2024/5/24,20.11,20.16,20.04,20.11,16.723,0.50%,12361
2024/5/28,20.238,20.259,20.15,20.21,16.806,0.50%,22151
2024/5/29,20.2,20.2,20.08,20.1,16.715,-0.54%,29699
2024/5/30,20.143,20.2,20.05,20.05,16.673,-0.25%,15961
2024/5/31,20.2,20.21,19.97,20,16.632,-0.25%,14860
2024/6/3,20.06,20.11,19.94,20.05,16.79,0.25%,19896
2024/6/4,20.02,20.02,19.86,19.926,16.686,-0.62%,33548
2024/6/5,20.12,20.16,19.96,20.085,16.819,0.80%,10668
2024/6/6,20.24,20.28,20.07,20.21,16.924,0.62%,15545
2024/6/7,19.87,19.94,19.683,19.683,16.482,-2.61%,15570
2024/6/10,19.765,19.9,19.71,19.83,16.606,0.75%,14938
2024/6/11,19.866,19.92,19.83,19.92,16.681,0.45%,8534
2024/6/12,20.01,20.04,19.82,19.97,16.723,0.25%,8263
2024/6/13,19.828,19.88,19.7,19.792,16.574,-0.89%,6785
2024/6/14,20.1,20.1,19.93,20.04,16.782,1.25%,19383
2024/6/17,20.08,20.08,19.87,19.939,16.697,-0.50%,6370
2024/6/18,19.95,20.05,19.931,19.931,16.69,-0.04%,25734
2024/6/20,20.2,20.2,20.09,20.14,16.866,1.05%,15867
2024/6/21,20.06,20.07,19.94,19.976,16.728,-0.81%,12602
2024/6/24,19.92,20.1,19.92,20.07,16.807,0.47%,16576
2024/6/25,19.93,20,19.93,19.95,16.706,-0.60%,8038
2024/6/26,19.78,19.83,19.77,19.813,16.591,-0.69%,4752
2024/6/27,19.98,20.09,19.94,20.005,16.752,0.97%,49792
2024/6/28,20.15,20.15,19.95,20.022,16.766,0.08%,25233
2024/7/1,19.99,20,19.9,19.97,16.839,-0.26%,14757
2024/7/2,19.83,20.07,19.83,20.01,16.873,0.20%,45928
2024/7/3,19.96,20.19,19.96,20.15,16.991,0.70%,20271
2024/7/5,20.35,20.405,20.236,20.34,17.151,0.94%,17286
2024/7/8,20.205,20.33,20.085,20.14,16.983,-0.98%,23267
2024/7/9,20.26,20.27,20.13,20.165,17.003,0.12%,15530
2024/7/10,20.31,20.33,20.202,20.202,17.034,0.18%,14907
2024/7/11,20.27,20.47,20.27,20.47,17.261,1.33%,20268
2024/7/12,20.5,20.5,20.311,20.47,17.261,0.00%,15936
2024/7/15,20.37,20.58,20.37,20.51,17.295,0.20%,12959
2024/7/16,20.69,20.74,20.6,20.74,17.488,1.12%,18837
2024/7/17,20.81,20.81,20.62,20.69,17.446,-0.24%,14536
2024/7/18,20.665,20.76,20.55,20.585,17.358,-0.51%,25188
2024/7/19,20.408,20.44,20.31,20.382,17.186,-0.99%,11896
2024/7/22,20.89,20.89,20.28,20.43,17.227,0.24%,14471
2024/7/23,20.48,20.48,20.341,20.4,17.202,-0.15%,9348
2024/7/24,20.485,20.57,20.37,20.43,17.227,0.15%,24911
2024/7/25,20.36,20.36,20.18,20.25,17.075,-0.88%,79063
2024/7/26,20.34,20.39,20.292,20.39,17.193,0.69%,18793
2024/7/29,20.351,20.43,20.24,20.36,17.168,-0.15%,26647
2024/7/30,20.41,20.48,20.26,20.48,17.269,0.59%,16295
2024/7/31,20.62,20.66,20.44,20.66,17.421,0.88%,13104
2024/8/1,20.63,20.63,20.4,20.46,17.373,-0.97%,17099
2024/8/2,20.48,20.66,20.22,20.34,17.271,-0.59%,34073
2024/8/5,19.81,20.28,19.75,20.09,17.058,-1.23%,12055
2024/8/6,20.22,20.22,20,20.08,17.05,-0.05%,30240
2024/8/7,20.27,20.27,20,20.06,17.033,-0.10%,19634
2024/8/8,20.18,20.35,20.18,20.35,17.279,1.45%,17785
2024/8/9,20.376,20.439,20.28,20.39,17.313,0.20%,11800
2024/8/12,20.57,20.66,20.471,20.65,17.534,1.28%,22179
2024/8/13,20.6,20.65,20.57,20.65,17.534,0.00%,29969
2024/8/14,20.64,20.64,20.43,20.48,17.39,-0.82%,56667
2024/8/15,20.498,20.61,20.45,20.56,17.457,0.39%,7956
2024/8/16,20.88,20.94,20.709,20.93,17.772,1.80%,21297
2024/8/19,20.85,20.91,20.72,20.91,17.755,-0.10%,15735
2024/8/20,20.99,21.04,20.89,21.04,17.865,0.62%,24643
2024/8/21,20.9,20.98,20.83,20.96,17.797,-0.38%,51034
2024/8/22,20.87,20.965,20.68,20.71,17.585,-1.19%,23512
2024/8/23,20.88,21,20.75,20.95,17.789,1.16%,27129
2024/8/26,21.08,21.08,20.9,21,17.831,0.24%,7355
2024/8/27,20.97,21.04,20.83,21.04,17.865,0.19%,14021
2024/8/28,20.879,20.96,20.84,20.901,17.747,-0.66%,7671
2024/8/29,20.905,21.05,20.905,20.995,17.827,0.45%,23690
2024/8/30,20.86,21,20.821,20.9,17.746,-0.45%,14934
2024/9/3,20.57,20.88,20.57,20.71,17.708,-0.91%,37754
2024/9/4,20.92,20.92,20.66,20.69,17.691,-0.10%,32215
2024/9/5,20.863,20.9,20.781,20.9,17.87,1.01%,20553
2024/9/6,20.77,20.84,20.65,20.72,17.717,-0.86%,31133
2024/9/9,20.87,20.87,20.67,20.84,17.819,0.58%,15390
2024/9/10,20.96,20.96,20.75,20.91,17.879,0.34%,15859
2024/9/11,20.92,20.939,20.784,20.91,17.879,0.00%,24964
2024/9/12,21.08,21.16,20.97,21.145,18.08,1.12%,34136
2024/9/13,21.26,21.35,21.13,21.265,18.182,0.57%,65146
2024/9/16,21.171,21.31,21.171,21.25,18.169,-0.07%,13204
2024/9/17,21.25,21.3,21.14,21.185,18.114,-0.31%,29206
2024/9/18,21.33,21.4,21.11,21.17,18.101,-0.07%,38366
2024/9/19,21.258,21.34,21.238,21.297,18.21,0.60%,13881
2024/9/20,21.45,21.525,21.365,21.466,18.355,0.79%,17247
2024/9/23,21.49,21.56,21.44,21.53,18.409,0.30%,24431
2024/9/24,21.53,21.73,21.53,21.71,18.562,0.84%,58678
2024/9/25,21.82,21.82,21.611,21.71,18.563,0.00%,35474
2024/9/26,21.81,21.81,21.645,21.77,18.614,0.28%,27311
2024/9/27,21.74,21.77,21.59,21.68,18.537,-0.41%,28403
2024/9/30,21.7,21.7,21.5,21.57,18.443,-0.51%,23957
2024/10/1,21.6,21.66,21.53,21.61,18.596,0.19%,36944
2024/10/2,21.525,21.61,21.47,21.565,18.558,-0.21%,39078
2024/10/3,21.38,21.67,21.38,21.55,18.545,-0.07%,74914
2024/10/4,21.66,21.66,21.46,21.58,18.571,0.14%,36921
2024/10/7,21.6,21.61,21.491,21.56,18.553,-0.09%,38346
2024/10/8,21.59,21.59,21.21,21.4,18.416,-0.74%,80222
2024/10/9,21.35,21.35,21.22,21.29,18.321,-0.51%,33376
2024/10/10,21.34,21.56,21.31,21.31,18.338,0.09%,23401
2024/10/11,21.59,21.66,21.506,21.63,18.614,1.50%,60073
2024/10/14,21.64,21.64,21.5,21.62,18.605,-0.05%,60436
2024/10/15,21.6,21.67,21.54,21.67,18.648,0.23%,16534
2024/10/16,21.74,21.76,21.65,21.692,18.667,0.10%,71920
2024/10/17,21.71,21.8,21.7,21.775,18.738,0.38%,20326
2024/10/18,21.9,22.01,21.9,22.01,18.941,1.08%,34639
2024/10/21,22.34,22.34,21.99,22.015,18.945,0.02%,81630
2024/10/22,22.16,22.17,22.04,22.17,19.078,0.70%,31574
2024/10/23,22.21,22.21,21.92,22,18.932,-0.77%,42818
2024/10/24,22.12,22.14,22,22.09,19.01,0.41%,32599
2024/10/25,22.06,22.2,22,22.2,19.104,0.50%,38072
2024/10/28,22.16,22.2,22.055,22.14,19.053,-0.27%,42208
2024/10/29,22.29,22.33,22.142,22.31,19.199,0.77%,38013
2024/10/30,22.32,22.4,22.2,22.39,19.268,0.36%,47652
2024/10/31,22.13,22.25,22.01,22.03,18.958,-1.61%,62930
2024/11/1,22.16,22.224,21.9,21.93,18.996,-0.45%,41025
2024/11/4,21.96,22.01,21.85,21.97,19.03,0.18%,63957
2024/11/5,22.13,22.13,21.88,21.91,18.978,-0.27%,196805
2024/11/6,21.56,21.56,21.32,21.38,18.519,-2.42%,562044
2024/11/7,21.49,21.71,21.49,21.62,18.727,1.12%,51129
2024/11/8,21.56,21.668,21.5,21.5,18.623,-0.56%,34529
2024/11/11,21.25,21.25,21,21.16,18.329,-1.58%,42467
2024/11/12,21.13,21.13,20.851,21.04,18.225,-0.57%,39472
2024/11/13,21,21.02,20.71,20.71,17.939,-1.57%,29490
2024/11/14,20.76,20.76,20.54,20.72,17.947,0.05%,42297
2024/11/15,20.67,20.732,20.58,20.58,17.826,-0.68%,50737
2024/11/18,21.06,21.09,20.965,21.05,18.233,2.28%,27085
2024/11/19,21.37,21.37,21.08,21.32,18.467,1.28%,37986
2024/11/20,21.28,21.39,21.16,21.36,18.502,0.19%,19915
2024/11/21,21.34,21.52,21.34,21.41,18.545,0.23%,63789
2024/11/22,21.71,21.839,21.622,21.75,18.84,1.59%,25801
2024/11/25,21.39,21.39,21.045,21.14,18.311,-2.80%,33753
2024/11/26,21.17,21.37,21.074,21.21,18.372,0.33%,75754
2024/11/27,21.31,21.33,21.11,21.26,18.415,0.24%,72401
2024/11/29,21.34,21.45,21.27,21.45,18.58,0.89%,22298
2024/12/2,18.99,18.99,18.76,18.94,18.488,-11.70%,328407
2024/12/3,19.04,19.04,18.85,18.95,18.498,0.05%,292048
2024/12/4,19.02,19.02,18.92,18.93,18.478,-0.11%,56291
2024/12/5,18.97,18.97,18.795,18.89,18.439,-0.21%,182294
2024/12/6,18.89,18.89,18.8,18.85,18.4,-0.21%,49787
2024/12/9,19.07,19.07,18.95,18.98,18.527,0.69%,39385
2024/12/10,19.07,19.18,19.07,19.12,18.664,0.74%,40783
2024/12/11,19.21,19.32,19.202,19.32,18.859,1.05%,37811
2024/12/12,19.2,19.2,19.04,19.13,18.674,-0.98%,42235
2024/12/13,19.07,19.07,18.91,19.01,18.557,-0.63%,31646
2024/12/16,19.06,19.06,18.88,18.99,18.537,-0.11%,62436
2024/12/17,19,19,18.85,18.99,18.537,0.00%,80924
2024/12/18,19,19,18.39,18.62,18.176,-1.95%,334406
2024/12/19,18.665,18.665,18.5,18.65,18.205,0.16%,46883
2024/12/20,18.75,18.87,18.73,18.82,18.371,0.91%,38454
2024/12/23,18.85,18.85,18.635,18.78,18.332,-0.21%,57621
2024/12/24,18.79,18.8,18.672,18.761,18.313,-0.10%,33260
2024/12/26,18.68,18.94,18.68,18.87,18.42,0.58%,67454
2024/12/27,18.89,18.89,18.661,18.81,18.361,-0.32%,24903
2024/12/30,18.86,18.87,18.63,18.78,18.332,-0.16%,33041
2024/12/31,18.84,18.9,18.753,18.88,18.43,0.53%,58105
2025/1/2,18.86,18.95,18.806,18.914,18.574,0.18%,84441
2025/1/3,18.85,18.89,18.79,18.818,18.479,-0.51%,45877
2025/1/6,18.66,18.85,18.66,18.75,18.413,-0.36%,566491
2025/1/7,18.834,18.925,18.797,18.858,18.519,0.58%,39020
2025/1/8,18.98,19,18.85,18.921,18.581,0.33%,15438
2025/1/10,19.14,19.14,18.99,19.08,18.737,0.84%,32411
2025/1/13,18.89,19.02,18.89,18.97,18.629,-0.58%,61669
2025/1/14,19,19.05,18.96,19.05,18.708,0.42%,24165
2025/1/15,19.05,19.118,19.01,19.1,18.757,0.26%,27784
2025/1/16,19.22,19.22,19.117,19.18,18.835,0.42%,19856
2025/1/17,19.05,19.18,19.05,19.09,18.747,-0.47%,16725
2025/1/21,19.3,19.33,19.131,19.33,18.982,1.26%,36088
2025/1/22,19.43,19.43,19.3,19.38,19.032,0.26%,41061
2025/1/23,19.17,19.35,19.17,19.25,18.904,-0.67%,34577
2025/1/24,19.47,19.479,19.36,19.43,19.081,0.94%,23637
2025/1/27,19.44,19.44,19.218,19.31,18.963,-0.62%,37280
2025/1/28,19.38,19.38,19.29,19.34,18.992,0.16%,29182
2025/1/29,19.23,19.365,19.21,19.23,18.884,-0.57%,512421
2025/1/30,19.51,19.53,19.376,19.53,19.179,1.56%,65733
2025/1/31,19.62,19.62,19.456,19.61,19.257,0.41%,66513
2025/2/3,19.77,19.77,19.39,19.49,19.256,-0.61%,131347
2025/2/4,19.5,19.64,19.5,19.64,19.404,0.77%,57701
2025/2/5,19.82,19.82,19.61,19.64,19.404,0.00%,65173
2025/2/6,19.57,19.63,19.475,19.62,19.385,-0.10%,95026
2025/2/7,19.75,19.75,19.552,19.65,19.414,0.15%,29071
2025/2/10,19.89,19.91,19.75,19.91,19.671,1.32%,32167
2025/2/11,20,20,19.67,19.87,19.632,-0.20%,44560
2025/2/12,19.7,19.84,19.7,19.83,19.592,-0.20%,41070
2025/2/13,19.85,19.96,19.8,19.87,19.632,0.20%,52812
2025/2/14,19.82,19.929,19.64,19.67,19.434,-1.01%,383469
2025/2/18,19.98,20.07,19.867,20.07,19.829,2.03%,223936
2025/2/19,19.92,20.08,19.91,20.08,19.839,0.05%,39695
2025/2/20,20.05,20.06,19.952,20.06,19.819,-0.10%,39023
2025/2/21,19.99,20.1,19.971,20.07,19.829,0.05%,45048
2025/2/24,20.05,20.13,20.012,20.04,19.799,-0.15%,55787
2025/2/25,20.14,20.14,19.869,20.01,19.77,-0.15%,49771
2025/2/26,19.93,20.06,19.82,20.06,19.819,0.25%,546724
2025/2/27,19.93,19.93,19.69,19.83,19.592,-1.15%,35580
2025/2/28,19.86,19.86,19.591,19.83,19.592,0.00%,55418
2025/3/3,19.7,19.89,19.671,19.845,19.726,0.08%,51493
2025/3/4,20.05,20.05,19.85,20.04,19.919,0.98%,81920
2025/3/5,20.11,20.11,19.92,20.07,19.949,0.15%,39415
2025/3/6,20.02,20.02,19.91,19.98,19.86,-0.45%,46195
2025/3/7,19.99,20.009,19.846,19.99,19.87,0.05%,17616
2025/3/10,19.97,19.98,19.76,19.82,19.701,-0.85%,34783
2025/3/11,19.98,20.03,19.83,20.03,19.91,1.06%,42191
2025/3/12,19.96,20.08,19.91,19.97,19.85,-0.30%,61994
2025/3/13,20.02,20.3,19.982,20.17,20.049,1.00%,208273
2025/3/14,20.39,20.39,20.244,20.33,20.208,0.79%,164072
2025/3/17,20.255,20.44,20.252,20.44,20.317,0.54%,71655
2025/3/18,20.57,20.57,20.45,20.57,20.446,0.64%,40909
2025/3/19,20.6,20.63,20.39,20.63,20.506,0.29%,60811
2025/3/20,20.52,20.54,20.445,20.52,20.397,-0.53%,21992
2025/3/21,20.55,20.55,20.33,20.5,20.377,-0.10%,42035
2025/3/24,20.5,20.509,20.339,20.45,20.327,-0.24%,42807
2025/3/25,20.4,20.489,20.385,20.44,20.317,-0.05%,104452
2025/3/26,20.48,20.48,20.363,20.45,20.327,0.05%,31593
2025/3/27,20.55,20.68,20.463,20.68,20.556,1.12%,24266
2025/3/28,20.73,20.77,20.65,20.77,20.645,0.44%,208230
2025/3/31,20.95,20.97,20.77,20.97,20.844,0.96%,100037
2025/4/1,20.98,20.98,20.629,20.81,20.81,-0.76%,64510
2025/4/2,20.72,20.77,20.57,20.74,20.74,-0.34%,257231
2025/4/3,20.44,20.8,20.28,20.62,20.62,-0.58%,1250313
2025/4/4,20.49,20.56,20.09,20.19,20.19,-2.09%,156514
2025/4/7,20.02,20.15,19.7,19.73,19.73,-2.28%,87276
2025/4/8,20.22,20.27,19.88,20.02,20.02,1.47%,73154
2025/4/9,20.24,20.607,20.24,20.45,20.45,2.15%,60688
2025/4/10,20.74,21.16,20.74,21.16,21.16,3.47%,89665
2025/4/11,21.43,21.46,21.19,21.4,21.4,1.13%,112938
2025/4/14,21.4,21.4,21.05,21.35,21.35,-0.23%,77918
2025/4/15,21.36,21.41,21.136,21.41,21.41,0.28%,82376